"Time","Temperature","Dew Point","Humidity","Wind","Wind Speed","Wind Gust","Pressure","Precip.","Condition"
"2023-12-09|1:53 AM","54 °F","40 °F","59 °%","ENE","3 °mph","0 °mph","29.93 °in","0.0 °in","Fair"
"2023-12-09|2:53 AM","54 °F","39 °F","57 °%","CALM","0 °mph","0 °mph","29.94 °in","0.0 °in","Fair"
"2023-12-09|3:53 AM","49 °F","38 °F","66 °%","CALM","0 °mph","0 °mph","29.95 °in","0.0 °in","Fair"
"2023-12-09|4:53 AM","52 °F","37 °F","57 °%","E","3 °mph","0 °mph","29.97 °in","0.0 °in","Fair"
"2023-12-09|5:53 AM","53 °F","35 °F","50 °%","ENE","3 °mph","0 °mph","29.98 °in","0.0 °in","Fair"
"2023-12-09|6:53 AM","53 °F","34 °F","48 °%","ENE","3 °mph","0 °mph","30.01 °in","0.0 °in","Fair"
"2023-12-09|7:53 AM","52 °F","32 °F","47 °%","CALM","0 °mph","0 °mph","30.03 °in","0.0 °in","Fair"
"2023-12-09|8:53 AM","58 °F","29 °F","33 °%","NNE","5 °mph","0 °mph","30.05 °in","0.0 °in","Fair"
"2023-12-09|9:53 AM","63 °F","26 °F","25 °%","NE","6 °mph","0 °mph","30.08 °in","0.0 °in","Fair"
"2023-12-09|10:53 AM","66 °F","27 °F","23 °%","E","3 °mph","0 °mph","30.10 °in","0.0 °in","Partly Cloudy"
"2023-12-09|11:53 AM","68 °F","28 °F","22 °%","CALM","0 °mph","0 °mph","30.09 °in","0.0 °in","Mostly Cloudy"
"2023-12-09|12:53 PM","70 °F","25 °F","18 °%","VAR","3 °mph","0 °mph","30.07 °in","0.0 °in","Mostly Cloudy"
"2023-12-09|1:53 PM","71 °F","24 °F","17 °%","VAR","3 °mph","0 °mph","30.06 °in","0.0 °in","Mostly Cloudy"
"2023-12-09|2:53 PM","71 °F","23 °F","16 °%","SSW","3 °mph","0 °mph","30.05 °in","0.0 °in","Mostly Cloudy"
"2023-12-09|3:53 PM","71 °F","19 °F","14 °%","CALM","0 °mph","0 °mph","30.05 °in","0.0 °in","Partly Cloudy"
"2023-12-09|4:53 PM","72 °F","19 °F","13 °%","CALM","0 °mph","0 °mph","30.05 °in","0.0 °in","Partly Cloudy"
"2023-12-09|5:53 PM","67 °F","16 °F","14 °%","NNW","6 °mph","0 °mph","30.06 °in","0.0 °in","Partly Cloudy"
"2023-12-09|6:53 PM","65 °F","15 °F","15 °%","NNW","7 °mph","0 °mph","30.08 °in","0.0 °in","Fair"
"2023-12-09|7:53 PM","64 °F","15 °F","15 °%","VAR","3 °mph","0 °mph","30.08 °in","0.0 °in","Fair"
"2023-12-09|8:53 PM","63 °F","11 °F","13 °%","NW","3 °mph","0 °mph","30.09 °in","0.0 °in","Fair"
"2023-12-09|9:53 PM","60 °F","9 °F","13 °%","E","3 °mph","0 °mph","30.10 °in","0.0 °in","Fair"
"2023-12-09|10:53 PM","58 °F","15 °F","19 °%","NE","3 °mph","0 °mph","30.10 °in","0.0 °in","Fair"
"2023-12-09|11:53 PM","59 °F","17 °F","20 °%","NW","5 °mph","0 °mph","30.09 °in","0.0 °in","Fair"
"2023-12-09|12:53 AM","60 °F","14 °F","16 °%","VAR","6 °mph","0 °mph","30.09 °in","0.0 °in","Fair"